 0.00000000e+00 -9.16239271e-07 -2.29278797e-12 -9.16241564e-07   7
 1.00000000e-02  6.15492893e-04  4.21559238e-06  6.19708485e-04   5
 2.00000000e-02  1.34665183e-03  1.04010877e-05  1.35705292e-03   5
 3.00000000e-02  2.21117856e-03  1.94807662e-05  2.23065932e-03   5
 4.00000000e-02  3.24282733e-03  3.28125418e-05  3.27563987e-03   5
 5.00000000e-02  4.48070323e-03  5.23913710e-05  4.53309460e-03   5
 6.00000000e-02  5.97860784e-03  8.11480676e-05  6.05975591e-03   5
 7.00000000e-02  7.79734280e-03  1.23388257e-04  7.92073105e-03   5
 8.00000000e-02  1.00135790e-02  1.85437186e-04  1.01990162e-02   5
 9.00000000e-02  1.27246943e-02  2.76586904e-04  1.30012813e-02   5
 1.00000000e-01  1.60447057e-02  4.10487585e-04  1.64551933e-02   5
 1.10000000e-01  2.01246092e-02  6.07191213e-04  2.07318004e-02   5
 1.20000000e-01  2.51397365e-02  8.96153444e-04  2.60358899e-02   5
 1.30000000e-01  3.13169117e-02  1.32064278e-03  3.26375545e-02   5
 1.40000000e-01  3.89376769e-02  1.94421674e-03  4.08818936e-02   5
 1.50000000e-01  4.83518521e-02  2.86023363e-03  5.12120858e-02   5
 1.60000000e-01  6.00003685e-02  4.20582282e-03  6.42061913e-02   5
 1.70000000e-01  7.44371475e-02  6.18240242e-03  8.06195499e-02   5
 1.80000000e-01  9.23636254e-02  9.08581253e-03  1.01449438e-01   5
 1.90000000e-01  1.14671523e-01  1.33505690e-02  1.28022092e-01   5
 2.00000000e-01  1.42497783e-01  1.96148527e-02  1.62112636e-01   5
 2.10000000e-01  1.77302488e-01  2.88159483e-02  2.06118436e-01   5
 2.20000000e-01  2.20968472e-01  4.23303927e-02  2.63298865e-01   5
 2.30000000e-01  2.75943745e-01  6.21797738e-02  3.38123518e-01   5
 2.40000000e-01  3.45425650e-01  9.13329225e-02  4.36758573e-01   5
 2.50000000e-01  4.33625811e-01  1.34149629e-01  5.67775440e-01   5
 2.60000000e-01  5.46127203e-01  1.97032143e-01  7.43159346e-01   5
 2.70000000e-01  6.90383725e-01  2.89381718e-01  9.79765444e-01   5
 2.80000000e-01  8.76429188e-01  4.25002983e-01  1.30143217e+00   5
 2.90000000e-01  1.11786054e+00  6.24165687e-01  1.74202623e+00   5
 3.00000000e-01  1.43324245e+00  9.16631425e-01  2.34987388e+00   5
 3.10000000e-01  1.84809540e+00  1.34609677e+00  3.19419217e+00   5
 3.20000000e-01  2.39773950e+00  1.97671527e+00  4.37445476e+00   5
 3.30000000e-01  3.13136524e+00  2.90267057e+00  6.03403582e+00   5
 3.40000000e-01  4.11788091e+00  4.26222709e+00  8.38010801e+00   5
 3.50000000e-01  5.45433463e+00  6.25835122e+00  1.17126859e+01   5
 3.60000000e-01  7.27808559e+00  9.18897364e+00  1.64670592e+01   5
 3.70000000e-01  9.78440325e+00  1.34913968e+01  2.32758001e+01   5
 3.80000000e-01  1.32519840e+01  1.98074541e+01  3.30594381e+01   5
 3.90000000e-01  1.80799996e+01  2.90791083e+01  4.71591078e+01   5
 4.00000000e-01  2.48419395e+01  4.26886949e+01  6.75306344e+01   5
 4.10000000e-01  3.43639753e+01  6.26646334e+01  9.70286088e+01   5
 4.20000000e-01  4.78390788e+01  9.19831240e+01  1.39822203e+02   5
 4.30000000e-01  6.69933595e+01  1.35010537e+02  2.02003896e+02   5
 4.40000000e-01  9.43286333e+01  1.98151964e+02  2.92480597e+02   5
 4.50000000e-01  1.33476269e+02  2.90801750e+02  4.24278019e+02   5
 4.60000000e-01  1.89713513e+02  4.26736110e+02  6.16449623e+02   5
 4.70000000e-01  2.70716848e+02  6.26152512e+02  8.96869360e+02   5
 4.80000000e-01  3.87636792e+02  9.18654361e+02  1.30629115e+03   6
 4.90000000e-01  5.56787125e+02  1.34761544e+03  1.90440256e+03   6
 5.00000000e-01  8.01859462e+02  1.97655474e+03  2.77841420e+03   6
