 4.97512438e-09  1.84003999e+01  8.01859462e+02  1.97655474e+03  2.77841420e+03
 1.49253731e-08  1.84003143e+01  8.01854313e+02  1.97655989e+03  2.77841420e+03
 2.48756219e-08  1.84001475e+01  8.01844014e+02  1.97657019e+03  2.77841420e+03
 3.48258706e-08  1.83999016e+01  8.01828566e+02  1.97658564e+03  2.77841420e+03
 4.47761194e-08  1.83995766e+01  8.01807969e+02  1.97660624e+03  2.77841420e+03
 5.47263682e-08  1.83991705e+01  8.01782222e+02  1.97663198e+03  2.77841420e+03
 6.46766169e-08  1.83986788e+01  8.01751326e+02  1.97666288e+03  2.77841420e+03
 7.46268657e-08  1.83980946e+01  8.01715280e+02  1.97669892e+03  2.77841420e+03
 8.45771144e-08  1.83974082e+01  8.01674085e+02  1.97674012e+03  2.77841420e+03
 9.45273632e-08  1.83966063e+01  8.01627741e+02  1.97678646e+03  2.77841420e+03
 1.04477612e-07  1.83956712e+01  8.01576248e+02  1.97683796e+03  2.77841420e+03
 1.14427861e-07  1.83945802e+01  8.01519605e+02  1.97689460e+03  2.77841420e+03
 1.24378109e-07  1.83933038e+01  8.01457812e+02  1.97695639e+03  2.77841420e+03
 1.34328358e-07  1.83918042e+01  8.01390870e+02  1.97702333e+03  2.77841420e+03
 1.44278607e-07  1.83900331e+01  8.01318778e+02  1.97709543e+03  2.77841421e+03
 1.54228856e-07  1.83879289e+01  8.01241537e+02  1.97717267e+03  2.77841421e+03
 1.64179104e-07  1.83854130e+01  8.01159145e+02  1.97725506e+03  2.77841421e+03
 1.74129353e-07  1.83823853e+01  8.01071603e+02  1.97734260e+03  2.77841421e+03
 1.84079602e-07  1.83787184e+01  8.00978911e+02  1.97743530e+03  2.77841421e+03
 1.94029851e-07  1.83742500e+01  8.00881067e+02  1.97753314e+03  2.77841421e+03
 2.03980100e-07  1.83687739e+01  8.00778074e+02  1.97763613e+03  2.77841421e+03
 2.13930348e-07  1.83620272e+01  8.00669930e+02  1.97774428e+03  2.77841421e+03
 2.23880597e-07  1.83536759e+01  8.00556634e+02  1.97785757e+03  2.77841421e+03
 2.33830846e-07  1.83432948e+01  8.00438188e+02  1.97797602e+03  2.77841421e+03
 2.43781095e-07  1.83303430e+01  8.00314589e+02  1.97809962e+03  2.77841421e+03
 2.53731343e-07  1.83141322e+01  8.00185839e+02  1.97822837e+03  2.77841421e+03
 2.63681592e-07  1.82937869e+01  8.00051937e+02  1.97836227e+03  2.77841421e+03
 2.73631841e-07  1.82681931e+01  7.99912883e+02  1.97850133e+03  2.77841421e+03
 2.83582090e-07  1.82359338e+01  7.99768676e+02  1.97864553e+03  2.77841421e+03
 2.93532338e-07  1.81952058e+01  7.99619316e+02  1.97879489e+03  2.77841421e+03
 3.03482587e-07  1.81437154e+01  7.99464802e+02  1.97894941e+03  2.77841421e+03
 3.13432836e-07  1.80785443e+01  7.99305136e+02  1.97910908e+03  2.77841421e+03
 3.23383085e-07  1.79959798e+01  7.99140314e+02  1.97927390e+03  2.77841421e+03
 3.33333333e-07  1.78912983e+01  7.98970339e+02  1.97944387e+03  2.77841421e+03
 3.43283582e-07  1.77584906e+01  7.98795209e+02  1.97961900e+03  2.77841421e+03
 3.53233831e-07  1.75899113e+01  7.98614924e+02  1.97979929e+03  2.77841421e+03
 3.63184080e-07  1.73758337e+01  7.98429484e+02  1.97998473e+03  2.77841421e+03
 3.73134328e-07  1.71038832e+01  7.98238887e+02  1.98017533e+03  2.77841421e+03
 3.83084577e-07  1.67583163e+01  7.98043135e+02  1.98037108e+03  2.77841421e+03
 3.93034826e-07  1.63191036e+01  7.97842225e+02  1.98057199e+03  2.77841421e+03
 4.02985075e-07  1.57607629e+01  7.97636158e+02  1.98077806e+03  2.77841422e+03
 4.12935323e-07  1.50508745e+01  7.97424933e+02  1.98098928e+03  2.77841422e+03
 4.22885572e-07  1.41481932e+01  7.97208550e+02  1.98120567e+03  2.77841422e+03
 4.32835821e-07  1.30002446e+01  7.96987007e+02  1.98142721e+03  2.77841422e+03
 4.42786070e-07  1.15402694e+01  7.96760305e+02  1.98165391e+03  2.77841422e+03
 4.52736318e-07  9.68333326e+00  7.96528443e+02  1.98188578e+03  2.77841422e+03
 4.62686567e-07  7.32137968e+00  7.96291420e+02  1.98212280e+03  2.77841422e+03
 4.72636816e-07  4.31693515e+00  7.96049235e+02  1.98236498e+03  2.77841422e+03
 4.82587065e-07  4.95101151e-01  7.95801887e+02  1.98261233e+03  2.77841422e+03
 4.92537313e-07 -4.36663382e+00  7.95549376e+02  1.98286484e+03  2.77841422e+03
 5.02487562e-07 -1.05513550e+01  7.95291700e+02  1.98312252e+03  2.77841422e+03
 5.12437811e-07 -1.84192098e+01  7.95028858e+02  1.98338536e+03  2.77841422e+03
 5.22388060e-07 -2.84283832e+01  7.94760849e+02  1.98365337e+03  2.77841422e+03
 5.32338308e-07 -4.11617806e+01  7.94487670e+02  1.98392655e+03  2.77841422e+03
 5.42288557e-07 -5.73609707e+01  7.94209320e+02  1.98420490e+03  2.77841422e+03
 5.52238806e-07 -7.79693604e+01  7.93925797e+02  1.98448843e+03  2.77841422e+03
 5.62189055e-07 -1.04187112e+02  7.93637096e+02  1.98477713e+03  2.77841423e+03
 5.72139303e-07 -1.37540990e+02  7.93343215e+02  1.98507101e+03  2.77841423e+03
 5.82089552e-07 -1.79973186e+02  7.93044148e+02  1.98537008e+03  2.77841423e+03
 5.92039801e-07 -2.33954276e+02  7.92739890e+02  1.98567434e+03  2.77841423e+03
 6.01990050e-07 -3.02626830e+02  7.92430433e+02  1.98598379e+03  2.77841423e+03
 6.11940299e-07 -3.89987979e+02  7.92115768e+02  1.98629846e+03  2.77841423e+03
 6.21890547e-07 -5.01121431e+02  7.91795882e+02  1.98661835e+03  2.77841423e+03
 6.31840796e-07 -6.42492270e+02  7.91470761e+02  1.98694347e+03  2.77841423e+03
 6.41791045e-07 -8.22321371e+02  7.91140384e+02  1.98727385e+03  2.77841423e+03
 6.51741294e-07 -1.05106071e+03  7.90804726e+02  1.98760950e+03  2.77841423e+03
 6.61691542e-07 -1.34199642e+03  7.90463756e+02  1.98795048e+03  2.77841423e+03
 6.71641791e-07 -1.71201328e+03  7.90117432e+02  1.98829680e+03  2.77841423e+03
 6.81592040e-07 -2.18256300e+03  7.89765699e+02  1.98864853e+03  2.77841423e+03
 6.91542289e-07 -2.78088901e+03  7.89408490e+02  1.98900574e+03  2.77841423e+03
 7.01492537e-07 -3.54157328e+03  7.89045717e+02  1.98936852e+03  2.77841423e+03
 7.11442786e-07 -4.50848584e+03  7.88677265e+02  1.98973697e+03  2.77841424e+03
 7.21393035e-07 -5.73723534e+03  7.88302988e+02  1.99011125e+03  2.77841424e+03
 7.31343284e-07 -7.29823921e+03  7.87922696e+02  1.99049154e+03  2.77841424e+03
 7.41293532e-07 -9.28055295e+03  7.87536145e+02  1.99087810e+03  2.77841424e+03
 7.51243781e-07 -1.17966197e+04  7.87143018e+02  1.99127122e+03  2.77841424e+03
 7.61194030e-07 -1.49881177e+04  7.86742906e+02  1.99167134e+03  2.77841425e+03
 7.71144279e-07 -1.90330892e+04  7.86335280e+02  1.99207897e+03  2.77841425e+03
 7.81094527e-07 -2.41545211e+04  7.85919452e+02  1.99249480e+03  2.77841425e+03
 7.91044776e-07 -3.06304923e+04  7.85494528e+02  1.99291972e+03  2.77841425e+03
 8.00995025e-07 -3.88058897e+04  7.85059355e+02  1.99335491e+03  2.77841426e+03
 8.10945274e-07 -4.91054742e+04  7.84612408e+02  1.99380186e+03  2.77841427e+03
 8.20895522e-07 -6.20477197e+04  7.84151695e+02  1.99426258e+03  2.77841427e+03
 8.30845771e-07 -7.82582761e+04  7.83674604e+02  1.99473968e+03  2.77841428e+03
 8.40796020e-07 -9.84810896e+04  7.83177662e+02  1.99523663e+03  2.77841429e+03
 8.50746269e-07 -1.23584122e+05  7.82656244e+02  1.99575806e+03  2.77841431e+03
 8.60696517e-07 -1.54555322e+05  7.82104126e+02  1.99631019e+03  2.77841432e+03
 8.70646766e-07 -1.92483303e+05  7.81512844e+02  1.99690149e+03  2.77841433e+03
 8.80597015e-07 -2.38516544e+05  7.80870750e+02  1.99754359e+03  2.77841434e+03
 8.90547264e-07 -2.93795874e+05  7.80161555e+02  1.99825280e+03  2.77841435e+03
 9.00497512e-07 -3.59358494e+05  7.79362089e+02  1.99905227e+03  2.77841436e+03
 9.10447761e-07 -4.36018834e+05  7.78438715e+02  1.99997565e+03  2.77841436e+03
 9.20398010e-07 -5.24241758e+05  7.77341469e+02  2.00107289e+03  2.77841436e+03
 9.30348259e-07 -6.24034360e+05  7.75994254e+02  2.00242010e+03  2.77841436e+03
 9.40298507e-07 -7.34888710e+05  7.74278053e+02  2.00413629e+03  2.77841435e+03
 9.50248756e-07 -8.55803296e+05  7.72001791e+02  2.00641254e+03  2.77841433e+03
 9.60199005e-07 -9.85393184e+05  7.68852189e+02  2.00956213e+03  2.77841432e+03
 9.70149254e-07 -1.12207320e+06  7.64313819e+02  2.01410049e+03  2.77841431e+03
 9.80099502e-07 -1.26427790e+06  7.57582248e+02  2.02083206e+03  2.77841430e+03
 9.90049751e-07 -1.41068115e+06  7.47690058e+02  2.03072424e+03  2.77841430e+03
 1.00000000e-06 -1.56040700e+06  7.34655502e+02  2.04375880e+03  2.77841431e+03
 1.00995025e-06 -1.41068130e+06  7.21621128e+02  2.05679319e+03  2.77841432e+03
 1.01990050e-06 -1.26427819e+06  7.11729334e+02  2.06668500e+03  2.77841434e+03
 1.02985075e-06 -1.12207363e+06  7.04998209e+02  2.07341616e+03  2.77841436e+03
 1.03980100e-06 -9.85393752e+05  7.00460276e+02  2.07795412e+03  2.77841440e+03
 1.04975124e-06 -8.55803993e+05  6.97311094e+02  2.08110335e+03  2.77841444e+03
 1.05970149e-06 -7.34889522e+05  6.95035237e+02  2.08337924e+03  2.77841448e+03
 1.06965174e-06 -6.24035269e+05  6.93319432e+02  2.08509508e+03  2.77841451e+03
 1.07960199e-06 -5.24242742e+05  6.91972613e+02  2.08644192e+03  2.77841453e+03
 1.08955224e-06 -4.36019872e+05  6.90875765e+02  2.08753878e+03  2.77841454e+03
 1.09950249e-06 -3.59359567e+05  6.89952799e+02  2.08846174e+03  2.77841454e+03
 1.10945274e-06 -2.93796965e+05  6.89153755e+02  2.08926076e+03  2.77841452e+03
 1.11940299e-06 -2.38517638e+05  6.88445003e+02  2.08996949e+03  2.77841449e+03
 1.12935323e-06 -1.92484390e+05  6.87803376e+02  2.09061109e+03  2.77841446e+03
 1.13930348e-06 -1.54556396e+05  6.87212591e+02  2.09120183e+03  2.77841443e+03
 1.14925373e-06 -1.23585178e+05  6.86661000e+02  2.09175339e+03  2.77841439e+03
 1.15920398e-06 -9.84821262e+04  6.86140145e+02  2.09227422e+03  2.77841436e+03
 1.16915423e-06 -7.82592930e+04  6.85643802e+02  2.09277053e+03  2.77841433e+03
 1.17910448e-06 -6.20487179e+04  6.85167346e+02  2.09324696e+03  2.77841431e+03
 1.18905473e-06 -4.91064553e+04  6.84707310e+02  2.09370698e+03  2.77841429e+03
 1.19900498e-06 -3.88068557e+04  6.84261074e+02  2.09415321e+03  2.77841428e+03
 1.20895522e-06 -3.06314454e+04  6.83826649e+02  2.09458760e+03  2.77841425e+03
 1.21890547e-06 -2.41554635e+04  6.83402516e+02  2.09501173e+03  2.77841425e+03
 1.22885572e-06 -1.90340230e+04  6.82987515e+02  2.09542672e+03  2.77841423e+03
 1.23880597e-06 -1.49890449e+04  6.82580750e+02  2.09583348e+03  2.77841423e+03
 1.24875622e-06 -1.17975420e+04  6.82181534e+02  2.09623269e+03  2.77841422e+03
 1.25870647e-06 -9.28147195e+03  6.81789337e+02  2.09662488e+03  2.77841422e+03
 1.26865672e-06 -7.29915629e+03  6.81403748e+02  2.09701047e+03  2.77841421e+03
 1.27860697e-06 -5.73815168e+03  6.81024450e+02  2.09738976e+03  2.77841421e+03
 1.28855721e-06 -4.50940244e+03  6.80651196e+02  2.09776301e+03  2.77841421e+03
 1.29850746e-06 -3.54249101e+03  6.80283796e+02  2.09813041e+03  2.77841421e+03
 1.30845771e-06 -2.78180858e+03  6.79922101e+02  2.09849211e+03  2.77841421e+03
 1.31840796e-06 -2.18348501e+03  6.79565995e+02  2.09884821e+03  2.77841421e+03
 1.32835821e-06 -1.71293822e+03  6.79215389e+02  2.09919882e+03  2.77841421e+03
 1.33830846e-06 -1.34292469e+03  6.78870213e+02  2.09954399e+03  2.77841421e+03
 1.34825871e-06 -1.05199263e+03  6.78530411e+02  2.09988379e+03  2.77841420e+03
 1.35820896e-06 -8.23257187e+02  6.78195941e+02  2.10021826e+03  2.77841420e+03
 1.36815920e-06 -6.43432186e+02  6.77866768e+02  2.10054744e+03  2.77841420e+03
 1.37810945e-06 -5.02065596e+02  6.77542866e+02  2.10087134e+03  2.77841420e+03
 1.38805970e-06 -3.90936504e+02  6.77224213e+02  2.10118999e+03  2.77841420e+03
 1.39800995e-06 -3.03579792e+02  6.76910794e+02  2.10150341e+03  2.77841420e+03
 1.40796020e-06 -2.34911721e+02  6.76602593e+02  2.10181161e+03  2.77841420e+03
 1.41791045e-06 -1.80935141e+02  6.76299601e+02  2.10211460e+03  2.77841420e+03
 1.42786070e-06 -1.38507459e+02  6.76001808e+02  2.10241240e+03  2.77841421e+03
 1.43781095e-06 -1.05158086e+02  6.75709206e+02  2.10270500e+03  2.77841420e+03
 1.44776119e-06 -7.89448142e+01  6.75421790e+02  2.10299242e+03  2.77841421e+03
 1.45771144e-06 -5.83408695e+01  6.75139554e+02  2.10327465e+03  2.77841421e+03
 1.46766169e-06 -4.21460804e+01  6.74862494e+02  2.10355171e+03  2.77841421e+03
 1.47761194e-06 -2.94170324e+01  6.74590606e+02  2.10382360e+03  2.77841421e+03
 1.48756219e-06 -1.94121508e+01  6.74323886e+02  2.10409032e+03  2.77841421e+03
 1.49751244e-06 -1.15485250e+01  6.74062331e+02  2.10435187e+03  2.77841421e+03
 1.50746269e-06 -5.36796611e+00  6.73805939e+02  2.10460827e+03  2.77841420e+03
 1.51741294e-06 -5.10323214e-01  6.73554706e+02  2.10485950e+03  2.77841421e+03
 1.52736318e-06  3.30749160e+00  6.73308632e+02  2.10510557e+03  2.77841421e+03
 1.53731343e-06  6.30799209e+00  6.73067712e+02  2.10534650e+03  2.77841421e+03
 1.54726368e-06  8.66607860e+00  6.72831946e+02  2.10558226e+03  2.77841421e+03
 1.55721393e-06  1.05192261e+01  6.72601331e+02  2.10581288e+03  2.77841421e+03
 1.56716418e-06  1.19754924e+01  6.72375866e+02  2.10603834e+03  2.77841421e+03
 1.57711443e-06  1.31198125e+01  6.72155548e+02  2.10625866e+03  2.77841421e+03
 1.58706468e-06  1.40189469e+01  6.71940376e+02  2.10647383e+03  2.77841421e+03
 1.59701493e-06  1.47253704e+01  6.71730348e+02  2.10668386e+03  2.77841421e+03
 1.60696517e-06  1.52803288e+01  6.71525463e+02  2.10688874e+03  2.77841421e+03
 1.61691542e-06  1.57162420e+01  6.71325719e+02  2.10708849e+03  2.77841421e+03
 1.62686567e-06  1.60585928e+01  6.71131115e+02  2.10728309e+03  2.77841421e+03
 1.63681592e-06  1.63274108e+01  6.70941649e+02  2.10747256e+03  2.77841421e+03
 1.64676617e-06  1.65384396e+01  6.70757319e+02  2.10765689e+03  2.77841421e+03
 1.65671642e-06  1.67040541e+01  6.70578125e+02  2.10783608e+03  2.77841421e+03
 1.66666667e-06  1.68339811e+01  6.70404065e+02  2.10801014e+03  2.77841421e+03
 1.67661692e-06  1.69358660e+01  6.70235138e+02  2.10817907e+03  2.77841421e+03
 1.68656716e-06  1.70157183e+01  6.70071342e+02  2.10834287e+03  2.77841421e+03
 1.69651741e-06  1.70782615e+01  6.69912677e+02  2.10850153e+03  2.77841421e+03
 1.70646766e-06  1.71272084e+01  6.69759141e+02  2.10865507e+03  2.77841421e+03
 1.71641791e-06  1.71654772e+01  6.69610733e+02  2.10880348e+03  2.77841421e+03
 1.72636816e-06  1.71953620e+01  6.69467451e+02  2.10894676e+03  2.77841421e+03
 1.73631841e-06  1.72186655e+01  6.69329296e+02  2.10908491e+03  2.77841421e+03
 1.74626866e-06  1.72368052e+01  6.69196266e+02  2.10921794e+03  2.77841421e+03
 1.75621891e-06  1.72508949e+01  6.69068360e+02  2.10934585e+03  2.77841421e+03
 1.76616915e-06  1.72618101e+01  6.68945577e+02  2.10946863e+03  2.77841421e+03
 1.77611940e-06  1.72702392e+01  6.68827916e+02  2.10958629e+03  2.77841421e+03
 1.78606965e-06  1.72767229e+01  6.68715377e+02  2.10969883e+03  2.77841421e+03
 1.79601990e-06  1.72816866e+01  6.68607958e+02  2.10980625e+03  2.77841421e+03
 1.80597015e-06  1.72854644e+01  6.68505659e+02  2.10990855e+03  2.77841421e+03
 1.81592040e-06  1.72883189e+01  6.68408480e+02  2.11000573e+03  2.77841421e+03
 1.82587065e-06  1.72904565e+01  6.68316418e+02  2.11009779e+03  2.77841421e+03
 1.83582090e-06  1.72920395e+01  6.68229475e+02  2.11018473e+03  2.77841421e+03
 1.84577114e-06  1.72931952e+01  6.68147649e+02  2.11026656e+03  2.77841421e+03
 1.85572139e-06  1.72940238e+01  6.68070939e+02  2.11034327e+03  2.77841421e+03
 1.86567164e-06  1.72946039e+01  6.67999346e+02  2.11041486e+03  2.77841421e+03
 1.87562189e-06  1.72949970e+01  6.67932868e+02  2.11048134e+03  2.77841421e+03
 1.88557214e-06  1.72952517e+01  6.67871506e+02  2.11054270e+03  2.77841421e+03
 1.89552239e-06  1.72954055e+01  6.67815258e+02  2.11059895e+03  2.77841421e+03
 1.90547264e-06  1.72954882e+01  6.67764125e+02  2.11065008e+03  2.77841421e+03
 1.91542289e-06  1.72955224e+01  6.67718106e+02  2.11069610e+03  2.77841421e+03
 1.92537313e-06  1.72955258e+01  6.67677201e+02  2.11073701e+03  2.77841421e+03
 1.93532338e-06  1.72955119e+01  6.67641409e+02  2.11077280e+03  2.77841421e+03
 1.94527363e-06  1.72954904e+01  6.67610731e+02  2.11080348e+03  2.77841421e+03
 1.95522388e-06  1.72954683e+01  6.67585166e+02  2.11082904e+03  2.77841421e+03
 1.96517413e-06  1.72954503e+01  6.67564714e+02  2.11084949e+03  2.77841421e+03
 1.97512438e-06  1.72954385e+01  6.67549375e+02  2.11086483e+03  2.77841421e+03
 1.98507463e-06  1.72954333e+01  6.67539149e+02  2.11087506e+03  2.77841421e+03
 1.99502488e-06  1.72954327e+01  6.67534036e+02  2.11088017e+03  2.77841421e+03
